-0.000304584 0.000434571 -0.000844296 -5.33851e-08 0.707107 0.707107 5.33851e-08 1 1 1
-0.000304584 0.000434571 -0.000844296 -5.33851e-08 0.707107 0.707107 5.33851e-08 1 1 1
-0.000304584 0.000434571 -0.000844296 -5.33851e-08 0.707107 0.707107 5.33851e-08 1 1 1
-0.000304584 0.000434571 -0.000844296 -5.33851e-08 0.707107 0.707107 5.33851e-08 1 1 1
-0.000304584 0.000434571 -0.000844296 -5.33851e-08 0.707107 0.707107 5.33851e-08 1 1 1
-0.000304584 0.000434571 -0.000844296 -5.33851e-08 0.707107 0.707107 5.33851e-08 1 1 1
-0.000304584 0.000434571 -0.000844296 -5.33851e-08 0.707107 0.707107 5.33851e-08 1 1 1
-0.000304584 0.000434571 -0.000844296 -5.33851e-08 0.707107 0.707107 5.33851e-08 1 1 1
-0.000304584 0.000434571 -0.000844296 -5.33851e-08 0.707107 0.707107 5.33851e-08 1 1 1
-0.000304584 0.000434571 -0.000844296 -5.33851e-08 0.707107 0.707107 5.33851e-08 1 1 1
-0.000304584 0.000434571 -0.000844296 -5.33851e-08 0.707107 0.707107 5.33851e-08 1 1 1
-0.000304584 0.000434571 -0.000844296 -5.33851e-08 0.707107 0.707107 5.33851e-08 1 1 1
-0.000304584 0.000434571 -0.000844296 -5.33851e-08 0.707107 0.707107 5.33851e-08 1 1 1
-0.000304584 0.000434571 -0.000844296 -5.33851e-08 0.707107 0.707107 5.33851e-08 1 1 1
-0.000304584 0.000434571 -0.000844296 -5.33851e-08 0.707107 0.707107 5.33851e-08 1 1 1
-0.000304584 0.000434571 -0.000844296 -5.33851e-08 0.707107 0.707107 5.33851e-08 1 1 1
-0.000304584 0.000434571 -0.000844296 -5.33851e-08 0.707107 0.707107 5.33851e-08 1 1 1
-0.000304584 0.000434571 -0.000844296 -5.33851e-08 0.707107 0.707107 5.33851e-08 1 1 1
-0.000304584 0.000434571 -0.000844296 -5.33851e-08 0.707107 0.707107 5.33851e-08 1 1 1
-0.000304584 0.000434571 -0.000844296 -5.33851e-08 0.707107 0.707107 5.33851e-08 1 1 1
-0.000304584 0.000434571 -0.000844296 -5.33851e-08 0.707107 0.707107 5.33851e-08 1 1 1
-0.000304584 0.000434571 -0.000844296 -5.33851e-08 0.707107 0.707107 5.33851e-08 1 1 1
-0.000304584 0.000434571 -0.000844296 -5.33851e-08 0.707107 0.707107 5.33851e-08 1 1 1
-0.000304584 0.000434571 -0.000844296 -5.33851e-08 0.707107 0.707107 5.33851e-08 1 1 1
-0.000304584 0.000434571 -0.000844296 -5.33851e-08 0.707107 0.707107 5.33851e-08 1 1 1
-0.000304584 0.000434571 -0.000844296 -5.33851e-08 0.707107 0.707107 5.33851e-08 1 1 1
-0.000304584 0.000434571 -0.000844296 -5.33851e-08 0.707107 0.707107 5.33851e-08 1 1 1
-0.000304584 0.000434571 -0.000844296 -5.33851e-08 0.707107 0.707107 5.33851e-08 1 1 1
-0.000304584 0.000434571 -0.000844296 -5.33851e-08 0.707107 0.707107 5.33851e-08 1 1 1
-0.000304584 0.000434571 -0.000844296 -5.33851e-08 0.707107 0.707107 5.33851e-08 1 1 1
-0.000304584 0.000434571 -0.000844296 -5.33851e-08 0.707107 0.707107 5.33851e-08 1 1 1
-0.000304584 0.000434571 -0.000844296 -5.33851e-08 0.707107 0.707107 5.33851e-08 1 1 1
-0.000304584 0.000434571 -0.000844296 -5.33851e-08 0.707107 0.707107 5.33851e-08 1 1 1
