2c43486b-5fcf-4672-832b-60db934bdd60|2c43486b-5fcf-4672-832b-60db934bdd60|2c43486b-5fcf-4672-832
0.00105184 48.8381 366.077 1.15196e-07 0.707107 0.707107 -1.15196e-07 1 1 1
0.00105184 48.8381 366.077 1.15196e-07 0.707107 0.707107 -1.15196e-07 1 1 1
0.00105184 48.8381 366.077 1.15196e-07 0.707107 0.707107 -1.15196e-07 1 1 1
0.00105184 48.8381 366.077 1.15196e-07 0.707107 0.707107 -1.15196e-07 1 1 1
0.00105184 48.8381 366.077 1.15196e-07 0.707107 0.707107 -1.15196e-07 1 1 1
0.00105184 48.8381 366.077 1.15196e-07 0.707107 0.707107 -1.15196e-07 1 1 1
0.00105184 48.8381 366.077 1.15196e-07 0.707107 0.707107 -1.15196e-07 1 1 1
0.00105184 48.8381 366.077 1.15196e-07 0.707107 0.707107 -1.15196e-07 1 1 1
0.00105184 48.8381 366.077 1.15196e-07 0.707107 0.707107 -1.15196e-07 1 1 1
